ID,Version,Start Time,End Time,Duration,Passed,Failed,Skipped,Labels,OS,OS Name,OS Version
05fe3fb8-92ba-45fc-93c2-764c738eec06,UNKNOWN,2018-01-14T13:17:52Z,2018-01-14T14:14:01Z,3368.8591,49,0,6,,linux,Debian,8.7
