ID,Version,Start Time,End Time,Duration,Passed,Failed,Skipped,Labels,OS,OS Name,OS Version
801397dc-adcc-41d2-b32c-ac342c16e514,UNKNOWN,2017-06-10T17:58:16Z,2017-06-10T18:28:48Z,1832.0868,22,0,3,,linux,Debian,8.7
