ID,Version,Start Time,End Time,Duration,Passed,Failed,Skipped,Labels,OS,OS Name,OS Version
a2229b6c-d8fb-4d5e-8f53-35029d5e18cf,UNKNOWN,2017-05-22T14:03:23Z,2017-05-22T14:16:51Z,808.2874,12,1,3,,linux,Alpine,3.5.2
